10000110010100011110101000110101110111000000001011011001000110001010001101010100110101010100111011111000001000101001011011100010
00110110011110111011101001100010110100101010011001000111011010010110001111011001000000111010100110001100010100110000011000101000
01111000000100001110001100100000110100000101001100001111000011101101110010000110001001011100011111001110000000001010011100111000
11010101101100011110010110100011110001110100100001111010001100110111010101001111000100010001111000000100011110111100010101011010
01011100000001100100111000101100010100101111000101001111010101011111010100000101100101100001100110110011101111000101110100111000
11110000001101110000111110111100001001111011110111010100010111010111111110101101101111100010001001011100110010111000000011011100
10101111101000001000001100100100011001001010101001011100101010011100000010011011101111100000100101110001010011101011001110110100
10010110000101010100111011111101011011001100011001111011010001010100110010100000000010110111101111110011001010110000111111111111
11111100001110011010000010111000010001111100100111101001111011111011110001000100001101111000100100001100111011110000101000100101
01001110001010011001001111101011011100001001011010111101111101101010001101000110111000111001101101110110111001111100001000000001
11111100010001100111110011101011110011101111111011010111101110010011011010101111001110010101010110000011111100101010000000011100
01000000110000101011101000110110010100110100010011101010100011110001101101111001111011000011101011100100001100000011011010111011
10100110001001101001011010110100000101000101010000111111001101111000101000000011011100000001000010011011100110010110011011010101
11110010110100101100011011001011111011111111001111010000110101100010100110100010001111100000111101011111111110001010111001111101
10011010111101001100011100000101010011011100111111010011101001001100111100001000101000001100001110001010110110011000100001110100
10001111011101110011111000110010101110110000111100011001010010101101001011001010101111111000011100101000100100100101001100000001
01110010100001001111010101010010111011010110001110011101111001000111110111000111001100001001100110010110001000010100101101101101
00001010000110100010010100010101000010101000100010110011111000100000010100010101100100010100101011101010101000111011000011011100
10100110100110110111001100011110000111001110101111110110100010111100000111100101111011000011010101001110101010100011011001011001
11101011100100000011000110011111100101101001011011010101001111100000001000001000100100000101000110000001010111010101111110011000
11100101110111011001001011110110000011001101010111111010011001111110010000011001110000010110011100011100111001100010011001101100
01110001110101001011101100010001101110110001011101011100011010010111101001100101111000110111001110101110111110110110000000110011
10010110011011011101010100000000000101110111000010111110010100100101110100011010011100100111100110100001000011111111101111100010
00011011100111111111110100110110111010111101111010101100010101011100001111001101011100011011011100000111111001011110000001100110
00100000100100101011110110000110000011000110001011111111101001000000011001110100000100100001110101101110010101100101101000001000
10111010100100000111011110010111000001111110001110010101100101111010100000001101001101010001011011011011000100111011100111011110
00100111101111011111000101010000000101111111101011000110011100001000110010010011100001011010111000111011101111001111011110101110
01111101001011011001110011110001010100110100001110110100001100101111111110110010111100111101100010001110000110110101010100111101
11010001101010001011001001010010110010100111000000011011100110000010011001111100010000010101000011000100000110000110001001001111
11011111000100100101111000110001001101001000101111111000101011110011111011100110001100010011001101101011010101110001111010011010
10010101011011101001011000011100100111001000100110111011100011101010001111101010001111000101111010000010111001011101001100101101
00001011100111001110011100101011100110010110100100000010000011001011100010100000000001001101111100100000101111011100110110110000
00101100110010000001011100111110000011101001101101100000111101001101011010011100101010001101000000010111111000001110100001001110
01000111101100001010010010011100111010110100101010111000101001110111111111010000011101001101101010100101111001001010100100100000
10010101110011110011100000011111000111000011111110010001001101100110110000111100101111110110010011011011011100110100011110000010
10110101100011100111010010011101000100010111001100010001111000000111001100110010010100011110111010110010111001011010011001000111
00101110111011111111111111101111011001100111100100110100101111010101101011001100111101011011001110011101001000001011110011101010
01111101010110100010111100101011011101011010110001100011010111111111100000000100000101001001000101001100110010101100101011101000
11110000110101001010000011101111011000111010110000001001111101111101100101010111101000010110011011000111001001010100010100110001
11001001010011011011110111001101010010010100000100111010001010101011000110000110110111011100110100111011110000100010110001101010
01101010110000000011100010100101001010010000010100101010000000100101010111000001110000111011010110101110101011110111011000011101
01101100011000101100011100111001101001100010010010100010111010001101110010010110101101010001000000010011000110101010111011100111
01100101111001111111010100110100110100010000011110000011010110110101110100111001110100111111111011100010000000000111011000111111
00110001001010110101100101001001000011011011001011010001111010001000000110101110011111010000000011011001001101101001100011101101
00111000111100111000101110011001000110000100111000000101111000101001000111100011011100110101011011011101011111010011111011100011
11111100010100101101011011111101000011011101111100010010011001010011001101110001101011011101101001101011001010100111000011001001
11100111101011010010100010011000001010001010110011100110101001001011101010111000100111010001000000111111010010000000101100101101
01111010110101001101110011111000111000010000001010100001111101101000111010101000010100111010110000110111101111001011101000100001
11111111010000001010001001001100001111101001100000001000111100101100110000010011100011110001111110010011010010111011010101010101
10111110100110000001000101010101100010100010100000100101110000001011000010000011111110111100001001110011001101111000101001011000
